date,on_num,off_num,total
20190101,3419948,3393505,6813453
20190102,7621668,7592334,15214002
20190103,7873692,7842521,15716213
20190104,8270345,8238936,16509281
20190105,6062294,6030041,12092335
20190106,4408718,4380548,8789266
20190107,7824428,7794744,15619172
20190108,7913162,7880220,15793382
20190109,7815405,7783069,15598474
20190110,7977300,7943858,15921158
20190111,8351322,8322218,16673540
20190112,6282189,6249935,12532124
20190113,4501053,4471430,8972483
20190114,7680436,7649995,15330431
20190115,7826713,7796883,15623596
20190116,7891108,7860667,15751775
20190117,8034764,8003544,16038308
20190118,8361638,8331206,16692844
20190119,6259796,6224923,12484719
20190120,4530960,4498963,9029923
20190121,7736189,7707825,15444014
20190122,7929541,7897433,15826974
20190123,8034871,8003785,16038656
20190124,8082710,8051559,16134269
20190125,8438603,8407563,16846166
20190126,6350557,6317588,12668145
20190127,4635486,4606559,9242045
20190128,7845049,7816369,15661418
20190129,7948890,7919983,15868873
20190130,8039829,8009463,16049292
20190131,7899350,7870708,15770058
20190201,7979109,7952743,15931852
20190202,5079486,5056721,10136207
20190203,3412440,3395496,6807936
20190204,2941955,2920885,5862840
20190205,2837335,2815479,5652814
20190206,3741895,3719637,7461532
20190207,7401179,7372794,14773973
20190208,7913111,7882112,15795223
20190209,6002458,5968028,11970486
20190210,4360767,4332473,8693240
20190211,7942263,7912704,15854967
20190212,8084200,8051460,16135660
20190213,8163495,8130267,16293762
20190214,8255961,8221527,16477488
20190215,8594706,8566747,17161453
20190216,6619046,6583366,13202412
20190217,4745767,4714947,9460714
20190218,8000117,7970291,15970408
20190219,8046652,8021191,16067843
20190220,8226686,8194659,16421345
20190221,8272500,8238287,16510787
20190222,8613525,8578734,17192259
20190223,6803807,6766849,13570656
20190224,4985414,4952226,9937640
20190225,8120066,8088780,16208846
20190226,8265465,8230301,16495766
20190227,8345186,8312840,16658026
20190228,8581221,8548654,17129875
20190301,5930573,5896024,11826597
20190302,5921798,5889802,11811600
20190303,4647568,4617237,9264805
20190304,8201102,8172808,16373910
20190305,8251245,8224043,16475288
20190306,8378284,8351214,16729498
20190307,8603259,8573509,17176768
20190308,8989634,8959808,17949442
20190309,6954483,6916790,13871273
20190310,4881761,4850679,9732440
20190311,8382567,8355694,16738261
20190312,8390888,8361897,16752785
20190313,8513096,8485381,16998477
20190314,8610202,8580602,17190804
20190315,8822074,8790252,17612326
20190316,6819792,6783809,13603601
20190317,5080663,5049300,10129963
20190318,8367946,8341024,16708970
20190319,8544193,8515209,17059402
20190320,8394513,8365279,16759792
20190321,8527999,8498711,17026710
20190322,8919986,8889334,17809320
20190323,6567232,6533134,13100366
20190324,4958816,4928577,9887393
20190325,8317220,8291212,16608432
20190326,8574736,8546440,17121176
20190327,8533735,8505091,17038826
20190328,8609202,8578987,17188189
20190329,8982834,8952299,17935133
20190330,6394876,6362637,12757513
20190331,4741000,4712766,9453766
20190401,8261837,8234043,16495880
20190402,8406365,8375614,16781979
20190403,8527790,8499500,17027290
20190404,8600061,8571129,17171190
20190405,8941522,8912039,17853561
20190406,6635470,6602408,13237878
20190407,5359816,5325802,10685618
20190408,8482826,8455040,16937866
20190409,8418130,8387629,16805759
20190410,8372841,8343508,16716349
20190411,8702077,8670470,17372547
20190412,9012472,8980138,17992610
20190413,7231605,7192356,14423961
20190414,4589747,4560371,9150118
20190415,8365436,8338470,16703906
20190416,8527784,8499169,17026953
20190417,8595810,8566390,17162200
20190418,8422846,8393510,16816356
20190419,8785636,8754576,17540212
20190420,6734643,6696010,13430653
20190421,4789775,4758234,9548009
20190422,8277904,8251143,16529047
20190423,8320434,8291651,16612085
20190424,8500676,8472494,16973170
20190425,8422596,8392167,16814763
20190426,8859387,8827664,17687051
20190427,7265901,7226613,14492514
20190428,5133257,5100297,10233554
20190429,8484332,8456475,16940807
20190430,8899595,8870867,17770462
20190501,6694473,6660269,13354742
20190502,8791908,8761850,17553758
20190503,9229899,9195610,18425509
20190504,7070758,7034113,14104871
20190505,5297402,5263441,10560843
20190506,5369332,5339966,10709298
20190507,8548961,8520187,17069148
20190508,8562564,8535374,17097938
20190509,8719913,8691958,17411871
20190510,9164243,9133581,18297824
20190511,7145642,7108691,14254333
20190512,5289198,5255115,10544313
20190513,8348349,8322275,16670624
20190514,8635187,8605814,17241001
20190515,8841858,8811986,17653844
20190516,8697917,8668316,17366233
20190517,9058227,9026981,18085208
20190518,7008806,6970623,13979429
20190519,4665005,4633675,9298680
20190520,8387871,8360874,16748745
20190521,8591979,8562611,17154590
20190522,8632877,8604183,17237060
20190523,8653208,8623491,17276699
20190524,9068976,9038472,18107448
20190525,7071049,7035306,14106355
20190526,5212099,5179326,10391425
20190527,7979920,7951657,15931577
20190528,8577296,8548166,17125462
20190529,8596789,8568382,17165171
20190530,8548665,8518947,17067612
20190531,8877682,8849264,17726946
20190601,6847512,6812575,13660087
20190602,4940345,4909155,9849500
20190603,8309451,8283810,16593261
20190604,8471637,8443709,16915346
20190605,8830646,8803531,17634177
20190606,5214097,5184158,10398255
20190607,7792983,7764385,15557368
20190608,6460739,6425534,12886273
20190609,4555745,4526955,9082700
20190610,8140124,8115186,16255310
20190611,8426561,8398867,16825428
20190612,8436850,8409218,16846068
20190613,8491512,8463141,16954653
20190614,8738857,8709226,17448083
20190615,6693392,6658780,13352172
20190616,4765657,4734965,9500622
20190617,8199981,8173463,16373444
20190618,8214004,8185448,16399452
20190619,8359400,8331480,16690880
20190620,8544825,8515377,17060202
20190621,8756816,8725933,17482749
20190622,6826801,6791717,13618518
20190623,4919631,4890167,9809798
20190624,8155794,8128323,16284117
20190625,8296896,8268392,16565288
20190626,8295254,8266536,16561790
20190627,8197084,8168560,16365644
20190628,8599857,8570855,17170712
20190629,6316617,6284920,12601537
20190630,4747971,4719230,9467201
20190701,7991995,7965187,15957182
20190702,8185777,8157272,16343049
20190703,8303565,8273231,16576796
20190704,8326655,8295946,16622601
20190705,8684216,8655157,17339373
20190706,6377621,6345989,12723610
20190707,4727873,4698997,9426870
20190708,8020694,7993049,16013743
20190709,8271246,8242045,16513291
20190710,8203020,8172554,16375574
20190711,8151391,8123445,16274836
20190712,8692901,8662894,17355795
20190713,6461558,6429144,12890702
20190714,4796336,4766229,9562565
20190715,7857538,7829735,15687273
20190716,8114695,8085524,16200219
20190717,8232188,8203259,16435447
20190718,8247612,8217805,16465417
20190719,8596195,8565406,17161601
20190720,6057596,6029256,12086852
20190721,4487074,4459972,8947046
20190722,7936110,7907346,15843456
20190723,8011439,7982954,15994393
20190724,7947219,7918360,15865579
20190725,7877037,7847610,15724647
20190726,7866547,7841011,15707558
20190727,5883945,5853693,11737638
20190728,4116856,4090705,8207561
20190729,7708348,7679259,15387607
20190730,7741716,7711032,15452748
20190731,7377885,7349910,14727795
20190801,7620871,7590717,15211588
20190802,7804885,7773616,15578501
20190803,5535659,5505685,11041344
20190804,4325436,4295872,8621308
20190805,7345208,7317289,14662497
20190806,7535447,7506075,15041522
20190807,7571721,7541631,15113352
20190808,7791984,7762890,15554874
20190809,8110118,8080191,16190309
20190810,5830133,5801699,11631832
20190811,4481508,4453947,8935455
20190812,7379443,7352890,14732333
20190813,7893015,7862057,15755072
20190814,8109784,8079278,16189062
20190815,4754066,4725883,9479949
20190816,7585726,7557943,15143669
20190817,5806816,5776230,11583046
20190818,4597168,4569949,9167117
20190819,7832106,7803785,15635891
20190820,8039294,8008180,16047474
20190821,8085897,8055084,16140981
20190822,8083171,8053291,16136462
20190823,8502383,8472577,16974960
20190824,6476808,6444500,12921308
20190825,4736717,4707132,9443849
20190826,8027292,7999907,16027199
20190827,8174019,8145506,16319525
20190828,8300111,8271504,16571615
20190829,8016127,7988691,16004818
20190830,8661238,8630704,17291942
20190831,6658502,6624507,13283009
20190901,4876432,4847135,9723567
20190902,8273578,8246124,16519702
20190903,8395771,8367510,16763281
20190904,8164368,8138369,16302737
20190905,8124395,8098324,16222719
20190906,8673943,8644032,17317975
20190907,4443955,4423567,8867522
20190908,4698359,4673085,9371444
20190909,8329081,8304216,16633297
20190910,8236254,8209608,16445862
20190911,8387337,8358833,16746170
20190912,3582721,3559928,7142649
20190913,3308479,3285467,6593946
20190914,4120087,4096745,8216832
20190915,4424630,4399313,8823943
20190916,8067090,8041660,16108750
20190917,8437892,8411005,16848897
20190918,8547436,8519116,17066552
20190919,8594218,8565499,17159717
20190920,8988314,8957824,17946138
20190921,6960464,6923406,13883870
20190922,4435698,4409368,8845066
20190923,8381957,8354860,16736817
20190924,8591085,8561777,17152862
20190925,8619490,8590702,17210192
20190926,8583744,8553901,17137645
20190927,8969868,8938234,17908102
20190928,7289325,7251057,14540382
20190929,5159192,5126479,10285671
20190930,8341565,8313478,16655043
20191001,8450703,8419770,16870473
20191002,8603980,8572960,17176940
20191003,5806392,5763798,11570190
20191004,8503843,8470840,16974683
20191005,7240280,7200643,14440923
20191006,5015589,4980635,9996224
20191007,7912870,7889875,15802745
20191008,8773609,8746197,17519806
20191009,5906634,5870257,11776891
20191010,8444956,8416392,16861348
20191011,8790469,8760265,17550734
20191012,7058041,7022050,14080091
20191013,5074067,5042836,10116903
20191014,8278022,8251548,16529570
20191015,8430507,8401962,16832469
20191016,8403234,8373906,16777140
20191017,8460030,8431510,16891540
20191018,8829334,8800473,17629807
20191019,7166950,7130045,14296995
20191020,5132556,5099954,10232510
20191021,8242940,8217541,16460481
20191022,8420610,8394084,16814694
20191023,8466107,8438851,16904958
20191024,8518751,8489602,17008353
20191025,9168811,9135998,18304809
20191026,7414985,7374705,14789690
20191027,5396611,5362706,10759317
20191028,8414454,8388976,16803430
20191029,8577372,8551010,17128382
20191030,8621322,8594208,17215530
20191031,8577819,8552286,17130105
20191101,8821280,8793103,17614383
20191102,6998432,6964168,13962600
20191103,5164051,5130240,10294291
20191104,8346301,8321330,16667631
20191105,8466623,8440261,16906884
20191106,8519800,8493114,17012914
20191107,8556137,8528471,17084608
20191108,8889015,8860408,17749423
20191109,7059076,7024371,14083447
20191110,4947258,4916076,9863334
20191111,8236483,8214485,16450968
20191112,8424043,8398130,16822173
20191113,8307567,8281537,16589104
20191114,8387951,8361020,16748971
20191115,8571401,8544953,17116354
20191116,6865076,6833169,13698245
20191117,4547062,4519238,9066300
20191118,8239847,8213073,16452920
20191119,8366053,8335075,16701128
20191120,8356841,8329658,16686499
20191121,8400197,8373034,16773231
20191122,8741053,8712342,17453395
20191123,6782600,6750345,13532945
20191124,4789136,4758716,9547852
20191125,8173263,8148890,16322153
20191126,8443643,8416936,16860579
20191127,8589550,8562662,17152212
20191128,8557637,8531008,17088645
20191129,8911781,8882374,17794155
20191130,6825325,6791674,13616999
20191201,4468607,4441810,8910417
20191202,8210046,8177792,16387838
20191203,8305533,8278579,16584112
20191204,8447163,8421066,16868229
20191205,8432826,8405061,16837887
20191206,8600690,8572064,17172754
20191207,6689169,6657100,13346269
20191208,4763935,4734711,9498646
20191209,8172999,8149938,16322937
20191210,8362643,8337137,16699780
20191211,8485643,8459202,16944845
20191212,8609254,8581543,17190797
20191213,8993812,8965253,17959065
20191214,7177937,7142525,14320462
20191215,4968511,4933718,9902229
20191216,8296050,8268994,16565044
20191217,8265848,8237466,16503314
20191218,8589967,8560672,17150639
20191219,8679111,8649450,17328561
20191220,9169870,9139640,18309510
20191221,7139298,7104194,14243492
20191222,5108439,5076206,10184645
20191223,8410199,8381066,16791265
20191224,8843820,8815901,17659721
20191225,5383807,5357371,10741178
20191226,8270786,8242619,16513405
20191227,8641121,8611826,17252947
20191228,6567343,6533929,13101272
20191229,4756871,4726139,9483010
20191230,8059114,8030589,16089703
20191231,7704492,7680078,15384570
20200101,3479698,3453691,6933389
20200102,7691529,7666539,15358068
20200103,8224917,8199047,16423964
20200104,6042529,6012872,12055401
20200105,4425521,4399481,8825002
20200106,7819416,7793536,15612952
20200107,7624873,7598869,15223742
20200108,7995810,7969012,15964822
20200109,8123002,8092976,16215978
20200110,8464744,8436636,16901380
20200111,6451540,6418817,12870357
20200112,4619399,4588998,9208397
20200113,7931538,7904467,15836005
20200114,8051486,8023067,16074553
20200115,8124059,8094788,16218847
20200116,8141415,8112635,16254050
20200117,8492225,8464605,16956830
20200118,6400595,6371044,12771639
20200119,4533571,4506694,9040265
20200120,8023369,7995924,16019293
20200121,8063435,8035456,16098891
20200122,8058478,8031884,16090362
20200123,7641489,7617612,15259101
20200124,3266041,3249207,6515248
20200125,2815670,2796973,5612643
20200126,3654653,3632918,7287571
20200127,3775047,3754829,7529876
20200128,7120843,7097891,14218734
20200129,7515756,7492386,15008142
20200130,7529076,7505197,15034273
20200131,7641869,7621003,15262872
20200201,4911125,4891594,9802719
20200202,3512904,3493943,7006847
20200203,7007625,6986718,13994343
20200204,7082056,7059649,14141705
20200205,6902894,6882234,13785128
20200206,6821778,6800755,13622533
20200207,7191742,7173342,14365084
20200208,4690115,4670830,9360945
20200209,3451571,3432956,6884527
20200210,6966442,6945699,13912141
20200211,7192604,7172004,14364608
20200212,6981076,6962555,13943631
20200213,7311679,7291686,14603365
20200214,7720695,7701337,15422032
20200215,5277149,5256674,10533823
20200216,3674194,3654696,7328890
20200217,7197144,7177785,14374929
20200218,7205498,7185525,14391023
20200219,7306690,7286511,14593201
20200220,7168504,7148661,14317165
20200221,7038538,7019767,14058305
20200222,4153989,4137759,8291748
20200223,2743837,2729844,5473681
20200224,5932806,5917541,11850347
20200225,5441771,5427894,10869665
20200226,5452346,5438655,10891001
20200227,5286459,5274656,10561115
20200228,5110196,5098610,10208806
20200229,2849115,2838734,5687849
20200301,1876648,1868644,3745292
20200302,5055967,5043815,10099782
20200303,5057314,5044593,10101907
20200304,5039210,5027375,10066585
20200305,5069053,5057500,10126553
20200306,5260545,5248846,10509391
20200307,3040950,3030143,6071093
20200308,2140678,2131026,4271704
20200309,5321127,5307842,10628969
20200310,5066217,5054380,10120597
20200311,5241419,5229198,10470617
20200312,5145065,5133380,10278445
20200313,5290910,5279404,10570314
20200314,3164614,3153892,6318506
20200315,2119053,2109748,4228801
20200316,5213484,5199275,10412759
20200317,5199422,5186850,10386272
20200318,5361366,5348300,10709666
20200319,5097671,5085581,10183252
20200320,5572310,5559250,11131560
20200321,3322693,3310056,6632749
20200322,2315902,2305071,4620973
20200323,5358156,5344029,10702185
20200324,5377448,5363337,10740785
20200325,5465540,5451949,10917489
20200326,5322387,5310174,10632561
20200327,5562634,5549733,11112367
20200328,3390527,3375538,6766065
20200329,2362676,2351415,4714091
20200330,5426066,5411984,10838050
20200331,5449727,5436452,10886179
20200401,5463892,5449083,10912975
20200402,5449915,5436170,10886085
20200403,5680884,5667374,11348258
20200404,3434007,3420935,6854942
20200405,2370375,2359423,4729798
20200406,5577891,5563565,11141456
20200407,5606422,5592396,11198818
20200408,5638965,5624584,11263549
20200409,5628249,5614677,11242926
20200410,5831543,5818186,11649729
20200411,3591463,3577948,7169411
20200412,2461904,2449697,4911601
20200413,5696537,5682208,11378745
20200414,5885404,5872201,11757605
20200415,3156830,3144274,6301104
20200416,5778918,5764426,11543344
20200417,5750910,5738694,11489604
20200418,3889273,3873858,7763131
20200419,2486326,2473120,4959446
20200420,5823760,5808553,11632313
20200421,5947839,5932730,11880569
20200422,5907995,5892659,11800654
20200423,6014690,5999313,12014003
20200424,6332425,6318349,12650774
20200425,4102675,4088188,8190863
20200426,2922255,2907277,5829532
20200427,6133020,6113758,12246778
20200428,6257478,6236971,12494449
20200429,6551960,6533928,13085888
20200430,3744999,3729373,7474372
20200501,4091839,4075041,8166880
20200502,3842615,3824632,7667247
20200503,2987253,2969570,5956823
20200504,5567822,5551273,11119095
20200505,3298106,3281681,6579787
20200506,6526938,6508320,13035258
20200507,6606057,6587059,13193116
20200508,6803596,6781426,13585022
20200509,3831773,3816818,7648591
20200510,3077311,3061523,6138834
20200511,6399354,6380908,12780262
20200512,6350364,6332464,12682828
20200513,6412738,6394919,12807657
20200514,6349851,6331764,12681615
20200515,6260008,6243429,12503437
20200516,4107914,4091503,8199417
20200517,3047447,3032265,6079712
20200518,6104309,6085691,12190000
20200519,6165130,6147457,12312587
20200520,6544324,6521162,13065486
20200521,6511762,6489277,13001039
20200522,6688922,6667443,13356365
20200523,4533869,4513039,9046908
20200524,2946676,2929534,5876210
20200525,6457613,6435149,12892762
20200526,6466383,6447433,12913816
20200527,6613990,6594397,13208387
20200528,6499067,6481090,12980157
20200529,6688446,6670439,13358885
20200530,4325260,4307250,8632510
20200531,2993713,2978014,5971727
20200601,6337868,6319524,12657392
20200602,6203028,6187308,12390336
20200603,6465888,6447666,12913554
20200604,6444527,6426737,12871264
20200605,6678203,6660484,13338687
20200606,3971564,3955697,7927261
20200607,3022936,3006725,6029661
20200608,6326750,6308026,12634776
20200609,6393787,6374565,12768352
20200610,6440630,6420639,12861269
20200611,6398261,6380548,12778809
20200612,6637614,6620007,13257621
20200613,4312821,4295744,8608565
20200614,3032931,3017115,6050046
20200615,6413509,6395824,12809333
20200616,6477954,6459780,12937734
20200617,6528714,6510968,13039682
20200618,6507888,6490109,12997997
20200619,6736532,6718349,13454881
20200620,4425924,4408434,8834358
20200621,3105545,3089078,6194623
20200622,6382597,6365447,12748044
20200623,6532874,6514761,13047635
20200624,6281401,6263469,12544870
20200625,6488278,6470343,12958621
20200626,6861508,6843493,13705001
20200627,4601083,4582117,9183200
20200628,3239683,3222469,6462152
20200629,6491064,6471451,12962515
20200630,6398085,6378813,12776898
20200701,6646556,6622717,13269273
20200702,6660896,6639976,13300872
20200703,6891655,6870692,13762347
20200704,4579883,4561842,9141725
20200705,3205847,3188858,6394705
20200706,6583204,6565026,13148230
20200707,6648951,6629900,13278851
20200708,6719576,6701054,13420630
20200709,6696180,6677531,13373711
20200710,6800005,6782012,13582017
20200711,4637367,4584757,9222124
20200712,3196509,3179984,6376493
20200713,6260884,6241917,12502801
20200714,6655630,6637708,13293338
20200715,6855950,6835930,13691880
20200716,6776021,6756038,13532059
20200717,6938012,6917317,13855329
20200718,4635322,4617808,9253130
20200719,2847077,2831022,5678099
20200720,6414610,6396230,12810840
20200721,6763546,6743423,13506969
20200722,6586965,6568016,13154981
20200723,6486719,6465103,12951822
20200724,6828759,6810040,13638799
20200725,4598455,4580279,9178734
20200726,3258276,3240189,6498465
20200727,6445854,6426673,12872527
20200728,6614967,6593526,13208493
20200729,6453333,6433749,12887082
20200730,6595884,6575783,13171667
20200731,6836967,6815385,13652352
20200801,3940146,3923288,7863434
20200802,2704364,2689920,5394284
20200803,5799748,5781109,11580857
20200804,6120448,6101109,12221557
20200805,6156818,6136841,12293659
20200806,6502352,6481564,12983916
20200807,6910673,6892566,13803239
20200808,4480324,4460143,8940467
20200809,2679392,2664961,5344353
20200810,6418371,6397323,12815694
20200811,6470134,6452043,12922177
20200812,6763623,6743218,13506841
20200813,6651268,6630837,13282105
20200814,6664071,6645408,13309479
20200815,3803540,3785876,7589416
20200816,3085360,3068711,6154071
20200817,3781888,3766271,7548159
20200818,6076826,6058432,12135258
20200819,5833528,5816679,11650207
20200820,5669449,5653205,11322654
20200821,5650780,5634843,11285623
20200822,3050984,3038764,6089748
20200823,2167612,2156711,4324323
20200824,5407894,5393049,10800943
20200825,5450465,5433498,10883963
20200826,5300539,5285033,10585572
20200827,4913077,4900092,9813169
20200828,5325698,5310881,10636579
20200829,2798529,2787340,5585869
20200830,1886642,1877025,3763667
20200831,5036373,5022391,10058764
20200901,4948942,4934954,9883896
20200902,4757519,4743981,9501500
20200903,4735517,4723205,9458722
20200904,5244125,5229572,10473697
20200905,2991611,2979258,5970869
20200906,1999466,1989370,3988836
20200907,4726687,4714535,9441222
20200908,5271254,5256299,10527553
20200909,5176649,5162097,10338746
20200910,5297550,5283512,10581062
20200911,5464496,5448928,10913424
20200912,3170463,3157509,6327972
20200913,2372088,2360065,4732153
20200914,5664479,5649532,11314011
20200915,5788366,5772534,11560900
20200916,5719380,5703804,11423184
20200917,5844229,5827210,11671439
20200918,6139300,6121982,12261282
20200919,3957900,3942094,7899994
20200920,2746575,2732815,5479390
20200921,6046732,6030841,12077573
20200922,6144769,6128653,12273422
20200923,6198234,6181603,12379837
20200924,6213430,6196880,12410310
20200925,6486062,6469914,12955976
20200926,4158898,4143606,8302504
20200927,2878620,2865237,5743857
20200928,6242699,6226997,12469696
20200929,6146266,6129786,12276052
20200930,2509420,2495282,5004702
20201001,1784389,1775583,3559972
20201002,2450793,2441986,4892779
20201003,3006974,2993972,6000946
20201004,2714550,2701215,5415765
20201005,6176818,6159619,12336437
20201006,6330727,6314719,12645446
20201007,6399696,6382690,12782386
20201008,6649853,6634031,13283884
20201009,3991088,3976815,7967903
20201010,4143646,4126756,8270402
20201011,3020149,3003787,6023936
20201012,6468662,6450890,12919552
20201013,6607629,6589432,13197061
20201014,6649346,6629443,13278789
20201015,6613350,6592660,13206010
20201016,6843500,6826399,13669899
20201017,4746060,4727642,9473702
20201018,3328708,3311123,6639831
20201019,6595258,6577703,13172961
20201020,6765828,6744148,13509976
20201021,6751454,6730647,13482101
20201022,6770118,6749397,13519515
20201023,7077858,7058218,14136076
20201024,4897754,4876557,9774311
20201025,3478664,3458410,6937074
20201026,6696975,6678772,13375747
20201027,6821817,6802482,13624299
20201028,6898878,6879175,13778053
20201029,6885557,6865215,13750772
20201030,7161554,7140485,14302039
20201031,5054519,5031394,10085913
20201101,3175198,3155303,6330501
20201102,6746611,6725397,13472008
20201103,6825713,6801594,13627307
20201104,6847990,6827759,13675749
20201105,6894668,6873683,13768351
20201106,7089930,7070301,14160231
20201107,4998889,4977817,9976706
20201108,3591699,3570123,7161822
20201109,6715744,6696533,13412277
20201110,6911740,6891862,13803602
20201111,7012485,6992605,14005090
20201112,6956283,6936036,13892319
20201113,7148546,7128962,14277508
20201114,4939498,4918851,9858349
20201115,3492397,3473436,6965833
20201116,6677964,6659978,13337942
20201117,6759810,6741087,13500897
20201118,6660873,6641388,13302261
20201119,6328551,6312261,12640812
20201120,6836154,6812973,13649127
20201121,4372198,4354560,8726758
20201122,2931066,2914760,5845826
20201123,6324094,6306298,12630392
20201124,6189734,6172228,12361962
20201125,6203114,6182534,12385648
20201126,6013021,5995222,12008243
20201127,6005015,5983647,11988662
20201128,3531777,3515074,7046851
20201129,2476812,2462096,4938908
20201130,5771438,5752826,11524264
20201201,5777719,5761218,11538937
20201202,5859462,5840921,11700383
20201203,5801066,5782111,11583177
20201204,5917486,5898143,11815629
20201205,3552439,3537234,7089673
20201206,2479996,2467907,4947903
20201207,5703916,5687473,11391389
20201208,5499628,5484252,10983880
20201209,5468232,5453219,10921451
20201210,5470883,5455848,10926731
20201211,5583702,5567066,11150768
20201212,3187205,3174642,6361847
20201213,2052188,2043117,4095305
20201214,5068947,5054515,10123462
20201215,5009495,4993492,10002987
20201216,4976013,4959696,9935709
20201217,5040629,5026766,10067395
20201218,5303065,5287054,10590119
20201219,2922307,2909015,5831322
20201220,1983624,1974449,3958073
20201221,5191172,5178124,10369296
20201222,5226789,5208725,10435514
20201223,5235581,5220682,10456263
20201224,5258127,5241137,10499264
20201225,2288757,2278087,4566844
20201226,2626086,2613898,5239984
20201227,1892402,1883335,3775737
20201228,5088149,5072708,10160857
20201229,5104623,5089689,10194312
20201230,4882008,4867639,9749647
20201231,4670340,4654399,9324739
20210101,1578935,1570938,3149873
20210102,2438627,2428224,4866851
20210103,1901229,1890381,3791610
20210104,5254470,5238697,10493167
20210105,5247518,5231357,10478875
20210106,5472595,5448634,10921229
20210107,5700782,5684254,11385036
20210108,5271560,5252786,10524346
20210109,2976317,2962270,5938587
20210110,2013592,2002913,4016505
20210111,5336534,5316710,10653244
20210112,5765792,5739318,11505110
20210113,5647342,5629838,11277180
20210114,5564871,5547547,11112418
20210115,5634607,5617160,11251767
20210116,3393299,3378679,6771978
20210117,2272061,2261151,4533212
20210118,5800237,5783998,11584235
20210119,5587616,5571392,11159008
20210120,5866517,5848652,11715169
20210121,5738073,5719791,11457864
20210122,5927566,5909777,11837343
20210123,3738691,3723040,7461731
20210124,2606091,2591665,5197756
20210125,5909545,5891607,11801152
20210126,5835263,5816873,11652136
20210127,6066121,6048369,12114490
20210128,5884117,5867791,11751908
20210129,5829581,5812330,11641911
20210130,3766451,3750783,7517234
20210131,2655454,2641749,5297203
20210201,5985793,5966469,11952262
20210202,5964361,5944384,11908745
20210203,6226946,6204360,12431306
20210204,6194223,6178411,12372634
20210205,6304945,6287035,12591980
20210206,3978787,3962840,7941627
20210207,2766063,2752136,5518199
20210208,6158652,6140916,12299568
20210209,6232265,6214382,12446647
20210210,5988756,5969609,11958365
20210211,2384137,2371104,4755241
20210212,1691746,1682882,3374628
20210213,2744984,2730837,5475821
20210214,2684238,2671603,5355841
20210215,5941488,5923744,11865232
20210216,6165517,6147408,12312925
20210217,6051727,6034713,12086440
20210218,6119870,6101838,12221708
20210219,6494661,6468024,12962685
20210220,4324514,4300561,8625075
20210221,3075725,3057813,6133538
20210222,6323614,6301275,12624889
20210223,6338991,6316451,12655442
20210224,6431251,6409179,12840430
20210225,6389834,6367857,12757691
20210226,6669860,6645431,13315291
20210227,4531692,4513517,9045209
20210228,3346951,3329704,6676655
20210301,2635986,2623335,5259321
20210302,6408282,6387540,12795822
20210303,6520055,6499138,13019193
20210304,6499933,6480614,12980547
20210305,6861445,6840754,13702199
20210306,4546437,4527195,9073632
20210307,3243833,3226505,6470338
20210308,6462083,6440106,12902189
20210309,6578984,6558465,13137449
20210310,6637015,6617534,13254549
20210311,6578052,6557495,13135547
20210312,6783960,6763250,13547210
20210313,4674337,4654091,9328428
20210314,3309148,3292257,6601405
20210315,6461309,6442220,12903529
20210316,6564136,6546503,13110639
20210317,6672170,6653735,13325905
20210318,6662608,6642537,13305145
20210319,6992207,6970387,13962594
20210320,4288109,4268917,8557026
20210321,3321255,3304170,6625425
20210322,6502350,6484575,12986925
20210323,6656740,6638299,13295039
20210324,6701750,6682233,13383983
20210325,6747015,6725427,13472442
20210326,7012774,6989990,14002764
20210327,4355835,4335915,8691750
20210328,3022873,3006544,6029417
20210329,6517229,6499746,13016975
20210330,6694430,6674854,13369284
20210331,6796259,6775169,13571428
20210401,6769088,6748073,13517161
20210402,7019447,6997698,14017145
20210403,3975506,3957531,7933037
20210404,3319075,3301567,6620642
20210405,6635862,6616688,13252550
20210406,6738475,6719193,13457668
20210407,6693243,6673083,13366326
20210408,6715251,6694262,13409513
20210409,6943766,6923619,13867385
20210410,4769289,4748309,9517598
20210411,3406512,3387631,6794143
20210412,6307956,6287923,12595879
20210413,6566553,6547339,13113892
20210414,6656316,6632035,13288351
20210415,6654046,6632420,13286466
20210416,6620574,6600859,13221433
20210417,4448710,4428769,8877479
20210418,3284037,3264744,6548781
20210419,6460705,6440451,12901156
20210420,6647298,6626895,13274193
20210421,6684298,6664152,13348450
20210422,6629152,6607573,13236725
20210423,6830754,6808649,13639403
20210424,4625339,4604009,9229348
20210425,3343543,3325294,6668837
20210426,6578340,6559619,13137959
20210427,6640495,6621263,13261758
20210428,6689896,6670418,13360314
20210429,6713631,6693769,13407400
20210430,6914225,6893409,13807634
20210501,4281055,4261120,8542175
20210502,3445692,3426330,6872022
20210503,6660562,6640241,13300803
20210504,6540065,6519927,13059992
20210505,3978157,3958783,7936940
20210506,6752291,6731944,13484235
20210507,6777178,6756145,13533323
20210508,4112822,4093592,8206414
20210509,3433049,3416391,6849440
20210510,6448918,6430929,12879847
20210511,6812867,6791763,13604630
20210512,6838049,6816714,13654763
20210513,6813022,6791390,13604412
20210514,7107360,7082374,14189734
20210515,4537896,4516116,9054012
20210516,2777090,2761866,5538956
20210517,6451124,6432671,12883795
20210518,7042063,7021429,14063492
20210519,4270017,4247514,8517531
20210520,6593498,6572106,13165604
20210521,6854347,6832887,13687234
20210522,4879429,4856503,9735932
20210523,3419331,3400220,6819551
20210524,6641865,6621416,13263281
20210525,6668434,6649041,13317475
20210526,6831200,6811345,13642545
20210527,6523613,6503967,13027580
20210528,6705624,6687254,13392878
20210529,4665973,4645735,9311708
20210530,3444592,3424628,6869220
20210531,6472583,6455376,12927959
20210601,6585184,6565425,13150609
20210602,6666237,6644882,13311119
20210603,6425204,6405507,12830711
20210604,6967783,6947141,13914924
20210605,4764571,4741234,9505805
20210606,3336643,3318410,6655053
20210607,6463999,6446004,12910003
20210608,6621696,6602973,13224669
20210609,6653343,6633550,13286893
20210610,6655994,6635565,13291559
20210611,6678928,6658936,13337864
20210612,4598198,4577883,9176081
20210613,3259268,3240781,6500049
20210614,6516407,6497773,13014180
20210615,6528382,6510140,13038522
20210616,6755019,6735032,13490051
20210617,6712810,6690178,13402988
20210618,6775221,6756666,13531887
20210619,4832421,4810884,9643305
20210620,3415926,3396733,6812659
20210621,6707485,6687697,13395182
20210622,6787145,6766922,13554067
20210623,6788156,6767695,13555851
20210624,6864714,6841437,13706151
20210625,7103159,7080155,14183314
20210626,4656405,4635961,9292366
20210627,3461015,3440594,6901609
20210628,6584734,6565603,13150337
20210629,6762163,6741173,13503336
20210630,6737746,6717277,13455023
20210701,6779552,6758259,13537811
20210702,7017089,6992015,14009104
20210703,4366713,4343312,8710025
20210704,2896023,2879537,5775560
20210705,6688907,6667883,13356790
20210706,6795107,6773179,13568286
20210707,6560203,6539368,13099571
20210708,6353176,6333850,12687026
20210709,6421539,6402296,12823835
20210710,3830996,3814152,7645148
20210711,2623786,2610226,5234012
20210712,5729254,5711812,11441066
20210713,5726113,5709616,11435729
20210714,5672476,5656105,11328581
20210715,5584746,5567809,11152555
20210716,5715864,5697986,11413850
20210717,3486029,3469620,6955649
20210718,2465051,2452253,4917304
20210719,5613088,5596213,11209301
20210720,5714301,5697930,11412231
20210721,5642119,5625415,11267534
20210722,5573464,5556501,11129965
20210723,5731060,5712674,11443734
20210724,3473325,3457067,6930392
20210725,2420437,2407302,4827739
20210726,5580229,5562675,11142904
20210727,5593883,5577147,11171030
20210728,5569642,5552971,11122613
20210729,5516631,5499607,11016238
20210730,5632486,5615478,11247964
20210731,3420215,3405347,6825562
